$ANSIBLE_VAULT;1.1;AES256
61316339396238306535323930633130363161643433386365346537373338326438353337613062
3533653037343264623661653638326532623064663134610a333435636231646361336365633063
35393735393661326234626161316564386238333133666666363262306236613733616530373561
6261393236363937650a323438633538386332396338326630653438363039346431646366313831
63633634393331623134333866303162353062306333613864646466303936636330343463366665
38346465386466363164313466393463383362613964366539633435613762663162653430613861
30323065616532646534623431376661633038666364626465396662353736333232356564323563
34633332316661333035666465666265323932373234313739653765633064663137643931373764
31366263383633613833383565393437656435393933386539326539373334366565333931643337
66393836643262663763666266616639343936393731653237656531613465383736393363626663
66336363356235623430363563633332623135653161333164303138616232653434663363383966
63383335383965626363656534643433663936303337363363656332303338396530663531633037
63373232383062346432363263376434643837336666656133326465326234303330623533656637
31376166656536656631323635343737663631343261313961396337643138646165643266616564
66306631386163633664643433346636626132383432383566343566396136373835383939303033
30616365363062363434393435323534343766336363653734653162623562333437316565663835
35643133623332396362376138653733393933383066663962323837653966666366373365376539
35303465373034326562333636333661356132326666333366343065313631323937363735323961
61663038353139303136666665303836663266313939323333396638663633333537633237313939
33353164383936346530343465383538353131333536323231333365646138363736346337616535
64353838656435626338326136646431313331656261396532393035653466373233363264316664
65643832343630343634376230626564326361353765383264393063643966326363366466303631
64666463363561336538383337323166383831643963346331356663366338653630343037646364
63373739336564636538303038633234393133626338313431353365353330343065636339613731
63616234396333323765353161323434643630666434383261303039343237373537393362663835
31623539366434353764303034643337613834626130333739663233623935383730313931393361
31643461353735306232663933656563636161646634663638326631653864393538383235623865
62393036306163343066643030363736376430666662326339343532656331653338613838613838
66323061666539326134333966303463366262313039666263323539633964383763313166666364
64336664396638396465616535323839306239656530313833666635346562366336313963653634
37373130663839633635653732313661353533306331633265303733333130623966383938343934
64366337636631653731383231306135393265346438363262336464653634336361306639363763
34626163643437663265306231316363336363663135636162396266363331623134613964616438
63656262363530663461393631316666636530326438646537363736313664346235383538303061
39336438346234323935353936383739616332663437623833393265336430623635353162326437
64623534303130366532363666363938303434343632346364623435633435366563333331323737
33393062353136306236363063363934373633353035656337396233373232623564643530366165
38356634303630313334646465646139646661333634646435373162346561343866363564346164
30623764616136653538323031356161623130636236653835316135323736373438336664346537
64383837303061643030623538326338623031366530316632343137613235613036643530306536
34386432356535643865306337636233393062623335663338386565343065343934383764383665
33653033326161313061616561376130363839646139373666326536303362363631316663376636
62666130393839346532373231383131616134363163373038393138366166666136636431343330
39306262356336633939336230323463373137626165386335623036613664643636613964613134
36316538613265316466653162306532363831326363613265666231346566306132386539356565
66346333333433373032616532663534663031373234636638616539343931333036633430643931
64323166666531343839616665393963396463383365393537646639343065313664376130323863
35313935363033313033323434633134316134646365646237393036643563623530393664626261
61313336646534383138656535623837306363303832383130333136633333373562383132393731
66383034323433313436323561343836613862333339643530303063383764303834643936313762
63383263323035656461303038353665663034646432643034633832336265666231316639653735
33366633623062383664323439633331346166613137326465623763363938646434393162353265
35373365616132313531323138613331303139343963343433623764643032393731306139346130
61316439653563653739313561646563636362656331353666613137323064626539323035313064
65626466333238346534626632616239653164373830616133326161376434613661343336353963
63616330373162393863613835343935373139623364373039316636383666373464636366656239
65623963346534636437323038346431633235336537623262303861393864623162353835643964
30313235353164656465396365326136393261313830613265393362366132363265336234333766
36313235303134393339366463343061613761326266626134333461616266313464653833623165
37353463613830373664333830663731393733613265623431363333353934383764343261343538
65343132616438633033613266643162656630323763333135613836663734616565646635626236
38646635653833653531316631396562306139663063353333303136626364623731666236383538
65363737313835656132653566633538306261393964303732643532343637643835343162333433
36373266323433313334663037613166386631383163656531316332386365333233353761396335
32393861663136656439343662393334613838373038323633663830623635613462383634613965
32666335663534613635316634643839633136653337323263383935636637373136366130333638
63353764336534346435333961356134343933353832386136646435336435636139636562326264
62626363306535656339376166623431313036306664633564633836633038313937333530373235
32316363616361313832386237373736663333366462653163613565303039353139313837356661
63663236303064613437316532666431373739373835386635353734343439333539343833316334
30396231346539633333323537613138653965393461303566313161323631646430316464373839
31393066653231376339363736313463343264633964373766626162383561373937666134626133
39663265343337346465333639636338313634336432376430336630363235303639366232353134
39383137326565653161323230666465636533333437396534393939343966313066313136356164
36656432643763363734623232656664306336336235356434656638383766366564333765363333
33646432636261346639333861306531326437373832626432376432376133343931656632653434
61356133633239323563316264323264363137626632346265316266363665303436303466353131
62306566303765396130633533353434343066396562376638623533663833656464313730333336
62653165363935633865633661386138613338343663313337653764346433653133643039393334
39633361396532336363336162333564623134373235373937373934373134316436373533666365
31386161613566313534636432633139626531333431623930303863353735363038303230333237
33613839393232653364663930333134623031333162626266643461623362643831633061656538
32393436396130363730366266313139366233363630393836393539646237336165363033613763
34343365633233653662396561346334323033343331343761653665346466636134303130316162
65396166393338353165646135623735646634626464393139363934343265633430346435363936
65336331653430363966313932376338353437636334326139626265356338323664373966353666
63373330373465303234346134313339333932666666636463313031383734656234636638383132
31376231653666353833633966616436656232373232643639346138626532376230373933313236
39626335323830663336333037333139393164326564653362373538623466613034363562333939
31663465333435386134306365303737306532313261376566653766623137663538376139666565
37613731656539646338383235613963613938353932386562356235623430646362633861663633
39346365396439646666383666333530303361363834633734656137373564613065306366383265
34383536393566336631336638643435343034303661373462313062663663373536616631663633
62373437306562626138353433313865646337336161613130333636346130656135343934623162
30613266623466313163633866383765343133323939356239336534666636356232376238366361
30393731323638653033373930393465343062356636323164373938653330316336336239653634
64626236643137383439393162613738363736616461663535353536643033633161336262663838
65656265626434663130323236646138643333623761376630363638666666393233323566326565
61656564363363656465373230656431663136623935613432623739316263346162643363393363
65653562323232323133383232653936396562336463653833323539643162366262326632366464
66646364313265626461326363376133666331333661373133373338383364663365353031663332
30653837393637363635373435656138633664366333303566616561623935356235313862633063
62343139666564343333623461376433366538303236343239366534376638363763363738646465
64376461303532353261623531656630663335386165653933643339393334336638316362346236
37303331623164383765616135333233333737636265643432356131383439643032613262383131
38383332303438613164323030356330653664663564633564303139363237643961616132616434
64626539316263613065626132366138626662353733316630656436666131363066306361393464
30663335393034626137326532396139666432363438363133663064626639643438356331396630
32333132383166633964656634383962393233613735643735373063323537333232353433376235
65623566336234666535373037663936633866336531623039363565643133333535393065316139
62353565666233386338313032316234323736396265346363663463636335663038363937346430
34333265376538383332623263393138663665623138666639306162633630616462643636363231
36373932633865313161653562336261393435613766653965363136663963633534613932643461
31303836643562316265613131356132366338373432646238643862633362363134303661303466
36626637626233636262376130633333653065653766386462643836376563303830643631623537
39333966313164336263376335633037313736383437643131643832393338633564363830343163
64643630323563303632663662343266393861633637663663393931646334383437383732386331
31363262383637306535633763353461313437643139386539373833303465313538636462376530
63356662366335646630313131656534643236666563353035646266366261393639646238663766
38353436306265633332356162346461313136333630333734343939366535323065633064353361
63613834613937616234626639383462393034343530633338343339383766396263643334323737
64366261626663636437626332316330356131333332663036613565663566396666303165643833
35323035313864353733653465633733346132613034646635633261643939386164633532653733
33393135353538323931343739376266323165376232636436386538336231613932323032363738
65653235633837333763343335366536633230366235323165613366616564623163643032613762
63666262323833343165646561333433366636323062373938393536613536383130623937373466
32343361323237653965653166626630363432393635653635666466346666656132633036616166
35313563386434393035613339666231313832323561623332373530666431373338393464653661
33353938393637323533383439316130616235363031633736316637393663343263383265306164
34393765643963636563616562396336366465336130643961353731393566646334383237383062
36336361393734363836373432333838636531306336336635386161643135343430306639643432
34633365353737653238376161333166613030373339663234343537346461303739306164613565
38323836363462303234626135633031666433336165326631613766636465363465396335383962
34306435616137666361303432393039646639313635623538356436636363333436383132363834
61373961633461316332346466346166303134326263613339393233353831306637386630663461
64323135383436333130613939663232643035356161646433333431353164633266303130373235
34396132376435336438336235333436323638333562636139623330313033663364346638646635
65303564393830386134653865633730303139656530663332633637326339653436376335313739
66373762346165626235633161666237633761363530653761616532343935336632303635646338
39613861666530623230643461666639346539396638633139343033373062373161386137353931
62313263313863393430393632386566626466646562613862373539393563313163366536373864
61303435336439313138316533306165613438646134633039663330383732363833306264303664
35636234356435373266646530643332306166383238643364636262666336613062353064386433
39653538616362353136356536363335313537333035356136643233373864313730313435366639
66383064336534373761383230396562376134323663346232656463393432313861373739333965
61663834343839386463373738303734306332376436306536343236323736363535356563326639
61353032363537666466636166343433666330623133383632353539333334393164626336633435
64643063383332643236333163393335636665633635366463306337653465303334653732396564
31303334326335323362313033623566633866663130613934323364323565336334343265336631
34366366383664616165636532323366636331363336653934323439393761656662393361666263
66376263363435343831623335303062323864383335653939396665346130343462653833646135
33323239383934343037326438636433653937376130616139616365646232643430303763336531
30373861653665306130623934356635356161623561373361613238366364643033376566376330
33396566393061623839376361323865366331346336373966643266353137626664653830343232
38393133333263363564613739653437323435383961643236633435333962653338653434363864
35613739666530376465366339313139653264356436326464333739343835353661626535373138
64663332663634396135643364646266366164666435306438643564336137353437333931313663
38393236353162623134663763376264633532323130623365353136626364613431303463346238
66623535376534313764316633313437663366366237386334376535353330633035623735333135
65653035346336653839383338663530326565323330393862633438626430343332633163396463
64306265386664326430613766636135633531326264366632303062363631646365323761356135
33646438633266373433643265303862633937656337646438393961326339383238346464663366
64653232623666333765383264623735343664316335663663323063653835393931653061613466
39376337636431356538343561333732363261353036663465373036393163336435646131636464
34663339353161393264313262393266666465633761336334653537633261613732366532343939
33393136373365363234376330313939383637653030333333353838313636623765633030646632
32393166306163626631396430313736353433666135633936396636653934643234383233353239
66363964366134636163353433623537376438623139643734346436353433393663396162666139
39653465646564363030376563366437663731336339336530656634653066326430336663623737
32323064613066636534386336396666333230343331373033636432333636396433393636313232
64306332303837623366393536353663363639383439666664333639633931613566393435313532
37373765393736356337353137303533346634366436306435663236303762323230636564333534
35336561373830633534613031613566313564386662343430326239396263306332
