$ANSIBLE_VAULT;1.1;AES256
65336238396437316436346261346431656162313839393038336131343965666238356233633637
3233386338356662326631383738346263656639396539310a303038373039623837303233633266
35613635623064656438663865313063623332383166343937376663393034396163326235386537
3136643830356266610a323230626439343137363238383535303339373266623734666638363933
30623964366666353165336231326333333830346130376332393533616565663234616261663239
37383833633363343830666332376166633866326165366339366538346430663133393666306636
35333562373433366633656439643263386235356532656163383631653336383330316236316534
33303538393737646161306533616634343464303935346265356663363861326365623637383338
65383737626161333662633933653437353839633430393332366338613833323165636165363563
38313030633735653832333739636363386566346639613237353133336139656562303335613938
39383830303866613566623731323066346336356631366331653061323761333532373737373738
63373636313337343761363565393830656231303635343337663038356231383964663461313533
65633938666431333434343330353966323262663736303539353934313733323363633838333432
33383534306264623962653761316336343230383734343738353632323636653764633937653462
32393663313533396562356633616630346265643836336637313133383062353662663636643630
36613933303766653761626362643861373635316663363438633538306166373436356539623661
66666338306636646135653439306465306632626430306530306434326337633734616464366132
32396136633930363265653733643533393930323137613736636562333035626536353466643731
32623230343664393534333937336530346434626633633932366430326636643939306431643537
39663662633163333636643431343336613635326364616533363432653363643337326334646435
33373038653866663863643831306562313661336463633965656263616462353665346532653036
39343064653562613064323565396634393765623562373163346437356334336539646531653333
37386630613039303561333035633437373538623436616662643564323233666331623363386532
39363332383465333635623637386630663831326436326631646339626361363764383336646662
38346461386232316337633763613032626463303931303562633435356564323766666437303031
34666463356561633333383135643536343137613636653234653765393539383563653136343662
35303636356232313139383732326333336138383439613761656564306238313962613937326637
36363962303936616466316166623862663238383961353463326661376233366435613634643930
39326665346164303861653961353737343866323330393864333731383765656131613733316238
64313233346563326632363362633131383633633936393832626431306539376434623537373134
65356161316330326662396265396563396434303135373162323730656631326533626362366437
66666131373633336232333764626663343834313436323739333233383535623862313535376432
31336331303339373032643738303838336236313139653061646161373166626465363139623061
34363064336463323236633832346135663763616535653966333930653333666435333135343838
36613236646639383530323631633739326264383436363137326166383766323765653165373132
66386264336530363666363634633362636338373630316135373262343339663235663838633264
32613836306366333563633163393039643135626261373237613334383932646532663339373664
30663637336163343965653037663931666530373965333134383131383332386639383063383763
64346564633839373832623933633561393134613733336266303262376439313337623531633138
62653833343331663334666439386561646530626631363231393364666637343132643561626238
30626561393535346536353337363035386638656261376533343266373061333330366135336166
34306532383930316133613230653361633335343233616161626434616634643036323936663238
39633266323837306231663666346438306363363363343561633333383337316464663534623133
62323831313666376634366132316462363039336237646233383466656532333462613836623534
36306539646565373965663938323738626262373533303764356336653961323838313637353138
63636662343963323738633238346637306666333638356330623865633034613933656238333930
39386462343862633836653863643930613837623233333763346438623537376335333565366165
33343534353961316166376265623162303963396231353430393634363432383037363534366230
39393161666131663833373861303338323837663366653530643235633634383133663663653533
37323065356232613239653335383361303562313133343362333934353061396462633938313836
61646433616632666635306130363231613737393136646435643066306162633861643164366230
33653661643664666639613835633038343063646536653961626630346330343261343931306365
39353336363330363438316664313963393135643162323234383433623830333733643337613538
36333565323635636266616666303663346339343932333636303162326239373331326637316233
31316239643264633139653363646163623464353834386564646163343338656233626663353931
65653533313563336465356633653238663338303930333261373261383030386339653733353563
32333865343231653531643634373466343734366661376265666265373363356262343131626137
34316331333635396566643265623566613563613431333830383763646234323331356430373662
38393564653563323866323533383336333130653738383336626334646135383162616664366365
61623535353566616265346536393334393965653465613136356663643236623562653434303362
32653430633266613064633535623932666236313065313163656431373833346365386637616162
61666163643730366666386635303234356438333435373733613538626363366263363361353865
37326537303839326330393835653139316432626433373535386336313961663035663463396534
32346137303764656330636633663237633661383530616636373163303563333733636366366632
32393965626631626639326662356135373234623333353164313062363736336464316436623965
38303639386437643333343362616635343964643735663038343538303433303238636233393530
37663935343064306132623835383039396639336336623933646666333032616233313736386365
33653136656438373264646264613934636336613264346263616339633932336233316334613532
65333566643233373138353530386332313131333937663735633661333039346238323532373164
39356537623765303430313563393031313133343564663961623637613031643637306133663537
38366235353064303161386630643861326565373730386261333064326664633261306461623535
63313534643461313531646632313964396434373764623534653633333430383435393134353232
39303534363138643633366537316333643632303363346335353738353234383331333561373463
34376139666666313935346131616561313262643237626466346166333431373338356463333462
35353134323434613231316562646337333731346561376133393462323539623662383564303261
33353761636334643462313461306562323565303033346238386232303862396439386138356663
63623466646430373063373965633839643938633136343836366131323932383837656630323331
61643365346238653466396161653635393863353138396631363639313562366239393165396435
35313166633638643538376339343664373463626533636336653235633538376662613637643161
35633864323530366130396566306262643863346431653331613765363539663437306663373564
34363938613639343061333865386666666235353232383965393731663836386466313931663964
64646637323263393064333336393338323263346136643738656637336232656238656364626464
33323063316463353331356238656532306139656531626436643631663139656236653537643736
37386366306165623935656665366530333865656538323037393165386434656130373331306632
36623435646564656635343735633265303964666330343434646432613536303836396364373632
66346562613165343533623739616630363361343662653466393362373936643234623961613666
66623761393161633662616362326632663234633837386234306335313062373034306461373261
61636230356338353864353937316332393935303364386636373830313561653932323662346638
38666537313233653130393866333234386332316561643938383466623832653331623038383436
37376430373664623037393737666536366436303731303766656437386330643834646366643931
61353465333333386137666634353563356332393037393037656561373032616563336633386632
36336637303530326235303530316437333834663266313431383237366464343131383434653165
34613864376564616165393330623865393763663434386564303832636539623530346531343330
39346535656566393766666336373061323736383739653835393735303563376661376232616239
34623063353637623162393061393030383264356439366230656465356334323065333538633838
39663666636638373336613138353665663434353634343338653361613363363532643530613561
32383365613037313830346530346335333038646665646434323730623661306532636562346266
38633731373833366133306334643636636366623433666137376565366464616536393965353265
65393561393865346333313631343164623234613039333036386563373632646266643434653036
66616439616465663630326466333665626633393633343566316134386464626635663638623130
61343766623664303139323866363831303239363563353331386337386239663333663165366566
34653634386138663836316563356539343838333234313864343937363866666635316531373533
37313435323061666137326232316230656430663137656364663639626638613434623666326166
37396333333263303962613331313334633736656336633438333830366336623061663365353161
34323262333532383532303739373139343239346334623563353238336537633132366132633035
35373234303139383764313632343436636337613833393662616136623130373039346463393033
39343835326166656137326166306336393562313466633239396236313936666663363637383364
32616231656266313233313237613536353735323936653834323466356131316539346330336538
36613436663363653763383936633966646639373638663761663539373936366136636239373033
34373932653665346265623638613438623539326638343530306461363536666363663935353437
34393563646430333237396562663434656637346231336434616432386538363663336638383163
65363832613465396331376432393036326234346166623336323761323233326336313336346137
36313766646232666462646137636335313632386333303864363465386537376636636238393930
66383334663134323465623533326232363565356161333735623463383635343831336364373631
65343862383633343564313465366162393465643533373933666532333765346161626166383262
64386338373965316663653534303439643362366164313265396262393038356335353761386663
64343330323165343337336536643663663134653664623733366636353838646661303039343264
38616139633662616531613562613266616634393131653134386662656663316231336665303235
30303532396338616262633139303066316538383639373430303330623032323866386563313464
37396662616362313533343365343961386638666631383861653030333763653363326131623931
33376635636538363837363334303866623264333230653438393466353866346339326564663564
30393338623436333266343964396262663362386538633634306639323230636466666535326531
33313237346336363238653566393239353535363536376439626666383132626232306535383062
33323832626639303666623839353132343036383337626162353538326133313632623335643530
37646465386531356130343065366130616636636232326362656631303537326666383836326134
35613366353134326461353430626433323533353434333134323738363666623631356435613538
31313061396162363562366330356564643135306336633438643964613864363466643730653165
30313463336338653436386135376663646361386464396538313064373334346662323336656635
63653163366265663830623934386365326638666637346236373937643035383638656430396232
38663861366632313632663231373234326631373639623365383331323933383931376437633862
64646163616565306432373666373865316664363866313236303663353237663835666337323732
39636535313031626265663162356637386435333462613733353530613130313637386263316638
32306331343831366435663334636432623163313231373031613630303034646338346662366263
61623162356337353066363162633135303262353763383563653661656562643233323563623965
39323339336430303032363933396666336665333265613434336330396361353539343434313961
37373363626139636330336531383538383137653236653463356263363563313136326233613666
30316666323533616363383034636239633362666538396562373461646135333734626432316531
65336634643866383266396663333038303764323865386134623165323336633637333337326532
62643733613235333832313837373530663738346464663239306430353362633134613032356233
39616563353562323530333331666335633166633861303764363336353531633130303538326237
34613135356539636237633637306264383864366463353739633564376432356531636264633237
33316639323836633335623762626266393135626463366137636135356338383263666161353733
64616332353537343165663239626533383135656661366631663666646663313366666539643639
35336438303939616666346462306231656636376264376135643635616563356563623662663163
35653766396638356134643537643261373466376366376563303964323266393536366334303539
33323637396332366363363934393463393139666530376237313137383438313564653564386337
34376530303238396636306364383632613736366134626232646266626366643633623965376232
65383136333638356665303035623364343935613638643831353339323030626162336164646438
38383839333731373039623830343466306361613562316366383065326263353638303139373331
35336364353562623462666133346332393630653337393933343362633636643766623434343336
65366465633338383633363834653136636264383235326638313830636132656165623531333861
36303761373965653330363635633036663030323433333038656531323632616337316139363939
34343366343666353938346566316438376436373839343134346565343733313137633462316436
38306332613235666363323533643566303361623566646562626231653532313439366237663263
65643530666133306533333461656466353266346264663039653930646632326431656131623737
32663961376665336263366437373233366233343338616235363263663864613838643630393463
63633033346637663936323234326563373736613536353638326633393236656432613731346565
34623233666236656334326632353730393630393633363931623061326662613638363661316462
66383665366562386134373233363032396636653538316333353963383339373530346530316338
37323064306331636439373064643439383932366332353365636461366332363939376433336639
30623635666566313832303262303730346564353732616435323839316137363937626362393435
37373336353164316561376166336637383030633931323038643036626437373536386435336537
37613662633161613738663533396230343532653435393065656339323665356666393936396332
38343935623266313035313836396139326234333063346265313938656139396631633966663532
34643461313664616663393866396534623361653466306437366435623461643561333934613865
34616537666363366631393438616432353431393530366263613033343763386630326661353064
33613730656130313666636338373063333530396130353039366362656534393063323037393365
37333666326563313333346361666465316535393062616432643439383239333262623135383233
31373034363533653539326666303137376333366636646437313133646566306463656530323963
36653237376463623062366665386339313534653865366162356234396237656432393639653238
36396137613166666364313766633335666630393632333733393161326236333636643231386665
34626233663735633437366635353536313636383738333463313037653631303737356263313664
39633737356436313530633939393734393131343532623535653331333561386130
